{
  "schema_version": "2.0",
  "method": "reference_pose_capture",
  "created_at": "2026-04-23T15:30:46.938847+00:00",
  "pose_capture_log_path": "logs/extrinsics_pose_capture.jsonl",
  "camera_order": [
    "pi-cam-01",
    "pi-cam-02"
  ],
  "pose": {
    "frame": "similarity_camera",
    "camera_poses": [
      {
        "camera_id": "pi-cam-01",
        "R": [
          [
            1.0,
            0.0,
            0.0
          ],
          [
            0.0,
            1.0,
            0.0
          ],
          [
            0.0,
            0.0,
            1.0
          ]
        ],
        "t": [
          0.0,
          0.0,
          0.0
        ],
        "focal_scale": 0.9961982879761239,
        "median_reproj_error_px": 0.16954683398562848
      },
      {
        "camera_id": "pi-cam-02",
        "R": [
          [
            0.120021547458461,
            0.6464377361736043,
            -0.7534673724829908
          ],
          [
            -0.49693620092241814,
            0.6961489794070184,
            0.5181032818689348
          ],
          [
            0.8594470550059907,
            0.3122416559674772,
            0.404791190517058
          ]
        ],
        "t": [
          0.5642778261085273,
          -0.48547669888292094,
          0.602754095228097
        ],
        "focal_scale": 1.0032622564803868,
        "median_reproj_error_px": 0.13799876819682202
      }
    ],
    "solve_summary": {
      "captured_rows": 2750,
      "complete_rows": 2643,
      "pair_overlaps": {
        "pi-cam-01|pi-cam-02": 2643
      },
      "iterations": 10,
      "ba_cost": 215.26613712457436,
      "status": 2,
      "success": true,
      "message": "`ftol` termination condition is satisfied.",
      "usable_rows": 2643,
      "median_reproj_error_px": 0.1525773853159605,
      "p90_reproj_error_px": 0.420824384935653,
      "matched_delta_us_p50": 137,
      "matched_delta_us_p90": 143,
      "matched_delta_us_max": 153
    }
  },
  "metric": {
    "status": "resolved",
    "frame": "metric_camera",
    "scale_m_per_unit": 2.9371970439574033,
    "source": "wand_floor_metric",
    "wand_metric_log_path": "logs/extrinsics_wand_metric.jsonl",
    "wand_metric_frames": 70,
    "camera_poses": [
      {
        "camera_id": "pi-cam-01",
        "R": [
          [
            1.0,
            0.0,
            0.0
          ],
          [
            0.0,
            1.0,
            0.0
          ],
          [
            0.0,
            0.0,
            1.0
          ]
        ],
        "t": [
          -0.0,
          -0.0,
          -0.0
        ],
        "focal_scale": 0.9961982879761239,
        "median_reproj_error_px": 0.0700331553217417
      },
      {
        "camera_id": "pi-cam-02",
        "R": [
          [
            0.120021547458461,
            0.6464377361736043,
            -0.7534673724829908
          ],
          [
            -0.49693620092241814,
            0.6961489794070184,
            0.5181032818689348
          ],
          [
            0.8594470550059907,
            0.3122416559674772,
            0.404791190517058
          ]
        ],
        "t": [
          1.6573951628166763,
          -1.4259407248691138,
          1.770407546737186
        ],
        "focal_scale": 1.0032622564803868,
        "median_reproj_error_px": 0.07574784430987029
      }
    ],
    "validation": {
      "median_reproj_error_px": 0.07507973327229554,
      "p90_reproj_error_px": 0.20729174401322206,
      "positive_depth_ratio": 1.0,
      "baseline_range_m": [
        2.8132914100946516,
        2.8132914100946516
      ],
      "floor_residual_mm": 0.8554083155841882,
      "world_up_consistency": 0.999999147837191
    },
    "shape_rms_error_mm": 0.8203766809935071,
    "wand_face": "front_up"
  },
  "world": {
    "status": "resolved",
    "frame": "world",
    "to_world_matrix": [
      [
        -0.6032219565608319,
        0.6634427720348862,
        -0.4426815552489032,
        0.24743632751896977
      ],
      [
        0.7832001023624444,
        0.3878365716319906,
        -0.4859839435250925,
        1.7251763337101411
      ],
      [
        -0.15073443794428076,
        -0.6398644246552622,
        -0.7535599825350414,
        2.294235355445906
      ],
      [
        0.0,
        0.0,
        0.0,
        1.0
      ]
    ],
    "floor_plane": {
      "normal": [
        0.0,
        0.0,
        1.0
      ],
      "offset": 0.0,
      "axis": "Z"
    },
    "source": "wand_floor_metric",
    "origin_world": [
      -0.24743632751896977,
      -1.7251763337101411,
      -2.294235355445906
    ],
    "origin_marker": "elbow",
    "aligned_axis_world": [
      0.0,
      1.0,
      0.0
    ],
    "wand_face": "front_up",
    "floor_normal_sign_source": "wand_face",
    "wand_face_alignment": 0.9999954022718787,
    "validation": {
      "floor_residual_mm": 0.8554083155841882,
      "world_up_consistency": 0.999999147837191
    }
  },
  "wand_metric_log_path": "logs/extrinsics_wand_metric.jsonl"
}