{
  "schema_version": "2.0",
  "method": "reference_pose_capture",
  "created_at": "2026-03-14T20:25:10.710719+00:00",
  "pose_capture_log_path": "logs/extrinsics_pose_capture.jsonl",
  "camera_order": [
    "pi-cam-01",
    "pi-cam-02"
  ],
  "pose": {
    "frame": "similarity_camera",
    "camera_poses": [
      {
        "camera_id": "pi-cam-01",
        "R": [
          [
            1.0,
            0.0,
            0.0
          ],
          [
            0.0,
            1.0,
            0.0
          ],
          [
            0.0,
            0.0,
            1.0
          ]
        ],
        "t": [
          0.0,
          0.0,
          0.0
        ],
        "focal_scale": 0.8828415532224982,
        "median_reproj_error_px": 2.57357079842414
      },
      {
        "camera_id": "pi-cam-02",
        "R": [
          [
            0.04474961960916424,
            0.17946883224904397,
            -0.9827453433092417
          ],
          [
            -0.30852151694898433,
            0.9381258208764681,
            0.1572717958959905
          ],
          [
            0.9501641674596724,
            0.296160231050722,
            0.0973507700002948
          ]
        ],
        "t": [
          0.22277896970432168,
          -0.03771212418094806,
          0.07595849991758995
        ],
        "focal_scale": 1.1973800833147499,
        "median_reproj_error_px": 2.4197773793013537
      }
    ],
    "solve_summary": {
      "captured_rows": 1306,
      "complete_rows": 1277,
      "pair_overlaps": {
        "pi-cam-01|pi-cam-02": 1277
      },
      "iterations": 18,
      "ba_cost": 9973.649753786365,
      "status": 2,
      "success": true,
      "message": "`ftol` termination condition is satisfied.",
      "usable_rows": 1277,
      "median_reproj_error_px": 2.517933748364408,
      "p90_reproj_error_px": 22.54254161884553,
      "matched_delta_us_p50": 4192,
      "matched_delta_us_p90": 4203,
      "matched_delta_us_max": 4212
    }
  },
  "metric": {
    "status": "resolved",
    "frame": "metric_camera",
    "scale_m_per_unit": 6.5839294134706705,
    "source": "wand_floor_metric",
    "wand_metric_log_path": "logs/extrinsics_wand_metric.jsonl",
    "wand_metric_frames": 601,
    "camera_poses": [
      {
        "camera_id": "pi-cam-01",
        "R": [
          [
            1.0,
            0.0,
            0.0
          ],
          [
            0.0,
            1.0,
            0.0
          ],
          [
            0.0,
            0.0,
            1.0
          ]
        ],
        "t": [
          -0.0,
          -0.0,
          -0.0
        ],
        "focal_scale": 0.8828415532224982,
        "median_reproj_error_px": 36.38081015864637
      },
      {
        "camera_id": "pi-cam-02",
        "R": [
          [
            0.04474961960916424,
            0.17946883224904397,
            -0.9827453433092417
          ],
          [
            -0.30852151694898433,
            0.9381258208764681,
            0.1572717958959905
          ],
          [
            0.9501641674596724,
            0.296160231050722,
            0.0973507700002948
          ]
        ],
        "t": [
          1.4667610113389744,
          -0.24829396363940234,
          0.5001054018105298
        ],
        "focal_scale": 1.1973800833147499,
        "median_reproj_error_px": 26.619600759285674
      }
    ],
    "validation": {
      "median_reproj_error_px": 32.04468932170851,
      "p90_reproj_error_px": 379.38055808233685,
      "positive_depth_ratio": 1.0,
      "baseline_range_m": [
        1.5694404001694253,
        1.5694404001694253
      ],
      "floor_residual_mm": 21.46095650017684,
      "world_up_consistency": 0.9233033400764811
    },
    "shape_rms_error_mm": 101.15504498004884
  },
  "world": {
    "status": "resolved",
    "frame": "world",
    "to_world_matrix": [
      [
        -0.09650548706965181,
        0.13583311606768653,
        0.986020311933173,
        -1.426152034553642
      ],
      [
        -0.9849776007575408,
        0.12949092345483817,
        -0.1142419657951133,
        0.2190347138854309
      ],
      [
        -0.14319852293710245,
        -0.9822328976989906,
        0.12129599212866231,
        -0.05823149288318992
      ],
      [
        0.0,
        0.0,
        0.0,
        1.0
      ]
    ],
    "floor_plane": {
      "normal": [
        0.0,
        0.0,
        1.0
      ],
      "offset": 0.0,
      "axis": "Z"
    },
    "source": "wand_floor_metric",
    "origin_world": [
      1.426152034553642,
      -0.2190347138854309,
      0.05823149288318992
    ],
    "origin_marker": "elbow",
    "aligned_axis_world": [
      0.0,
      1.0,
      0.0
    ],
    "validation": {
      "floor_residual_mm": 21.46095650017684,
      "world_up_consistency": 0.9233033400764811
    }
  },
  "wand_metric_log_path": "logs/extrinsics_wand_metric.jsonl"
}
