{
  "schema_version": "2.0",
  "method": "reference_pose_capture",
  "created_at": "2026-04-29T14:16:21.512846+00:00",
  "pose_capture_log_path": "logs/extrinsics_pose_capture.jsonl",
  "camera_order": [
    "pi-cam-01",
    "pi-cam-02"
  ],
  "pose": {
    "frame": "similarity_camera",
    "camera_poses": [
      {
        "camera_id": "pi-cam-01",
        "R": [
          [
            1.0,
            0.0,
            0.0
          ],
          [
            0.0,
            1.0,
            0.0
          ],
          [
            0.0,
            0.0,
            1.0
          ]
        ],
        "t": [
          0.0,
          0.0,
          0.0
        ],
        "focal_scale": 0.9886757649717063,
        "median_reproj_error_px": 0.204937090527183
      },
      {
        "camera_id": "pi-cam-02",
        "R": [
          [
            0.12560422360488988,
            0.6488451781138127,
            -0.7504821875641468
          ],
          [
            -0.5008624458490831,
            0.6944616594508363,
            0.5165847596385947
          ],
          [
            0.8563646357426764,
            0.31100311636902456,
            0.412209500446154
          ]
        ],
        "t": [
          1.525570093080177,
          -1.3094420162611056,
          1.6249478696659636
        ],
        "focal_scale": 1.001157158062414,
        "median_reproj_error_px": 0.17821525467174892
      }
    ],
    "solve_summary": {
      "captured_rows": 2889,
      "complete_rows": 2704,
      "pair_overlaps": {
        "pi-cam-01|pi-cam-02": 2704
      },
      "iterations": 8,
      "ba_cost": 378.70966656503674,
      "status": 2,
      "success": true,
      "message": "`ftol` termination condition is satisfied.",
      "usable_rows": 2704,
      "median_reproj_error_px": 0.1917410963650717,
      "p90_reproj_error_px": 0.5864973651302359,
      "matched_delta_us_p50": 521,
      "matched_delta_us_p90": 534,
      "matched_delta_us_max": 542
    }
  },
  "metric": {
    "status": "resolved",
    "frame": "metric_camera",
    "scale_m_per_unit": 1.0867037115252243,
    "source": "wand_floor_metric",
    "wand_metric_log_path": "logs/extrinsics_wand_metric.jsonl",
    "wand_metric_frames": 84,
    "camera_poses": [
      {
        "camera_id": "pi-cam-01",
        "R": [
          [
            1.0,
            0.0,
            0.0
          ],
          [
            0.0,
            1.0,
            0.0
          ],
          [
            0.0,
            0.0,
            1.0
          ]
        ],
        "t": [
          -0.0,
          -0.0,
          -0.0
        ],
        "focal_scale": 0.9886757649717063,
        "median_reproj_error_px": 0.18049016816956948
      },
      {
        "camera_id": "pi-cam-02",
        "R": [
          [
            0.12560422360488988,
            0.6488451781138127,
            -0.7504821875641468
          ],
          [
            -0.5008624458490831,
            0.6944616594508363,
            0.5165847596385947
          ],
          [
            0.8563646357426764,
            0.31100311636902456,
            0.412209500446154
          ]
        ],
        "t": [
          1.6578426823421095,
          -1.4229754990980163,
          1.7658368810010083
        ],
        "focal_scale": 1.001157158062414,
        "median_reproj_error_px": 0.20071280786261142
      }
    ],
    "validation": {
      "median_reproj_error_px": 0.18049016816956948,
      "p90_reproj_error_px": 0.2916751134506562,
      "positive_depth_ratio": 1.0,
      "baseline_range_m": [
        2.8091780863327083,
        2.8091780863327083
      ],
      "floor_residual_mm": 0.18573073172409219,
      "world_up_consistency": 0.9999982070549089
    },
    "shape_rms_error_mm": 0.5123070297140675,
    "wand_face": "front_up"
  },
  "world": {
    "status": "resolved",
    "frame": "world",
    "to_world_matrix": [
      [
        -0.5985408532446063,
        0.6722794092857752,
        -0.43564807224133095,
        0.38497673771981533
      ],
      [
        0.7856929835550488,
        0.38652609127870663,
        -0.4829949444385218,
        1.6274812527962759
      ],
      [
        -0.15631820939860003,
        -0.6313778398163608,
        -0.7595568713396261,
        2.298436019235761
      ],
      [
        0.0,
        0.0,
        0.0,
        1.0
      ]
    ],
    "floor_plane": {
      "normal": [
        0.0,
        0.0,
        1.0
      ],
      "offset": 0.0,
      "axis": "Z"
    },
    "source": "wand_floor_metric",
    "origin_world": [
      -0.38497673771981533,
      -1.6274812527962759,
      -2.298436019235761
    ],
    "origin_marker": "elbow",
    "aligned_axis_world": [
      0.0,
      1.0,
      0.0
    ],
    "wand_face": "front_up",
    "floor_normal_sign_source": "wand_face",
    "wand_face_alignment": 0.9999999686498493,
    "validation": {
      "floor_residual_mm": 0.18573073172409219,
      "world_up_consistency": 0.9999982070549089
    }
  },
  "wand_metric_log_path": "logs/extrinsics_wand_metric.jsonl"
}