{
  "schema_version": "2.0",
  "method": "reference_pose_capture",
  "created_at": "2026-04-18T19:10:45.638457+00:00",
  "pose_capture_log_path": "logs/extrinsics_pose_capture copy.jsonl",
  "camera_order": [
    "pi-cam-01",
    "pi-cam-02"
  ],
  "pose": {
    "frame": "similarity_camera",
    "camera_poses": [
      {
        "camera_id": "pi-cam-01",
        "R": [
          [
            1.0,
            0.0,
            0.0
          ],
          [
            0.0,
            1.0,
            0.0
          ],
          [
            0.0,
            0.0,
            1.0
          ]
        ],
        "t": [
          0.0,
          0.0,
          0.0
        ],
        "focal_scale": 1.1451927802625255,
        "median_reproj_error_px": 0.43964317506931466
      },
      {
        "camera_id": "pi-cam-02",
        "R": [
          [
            0.5804352463405682,
            0.32183683606804103,
            -0.7480080051411728
          ],
          [
            -0.34460844285892644,
            0.9293549195728052,
            0.13245548148782268
          ],
          [
            0.7377939725396989,
            0.1808880438711685,
            0.6503380426121113
          ]
        ],
        "t": [
          0.9719870157775674,
          -0.16587155986177066,
          0.5020269072853849
        ],
        "focal_scale": 1.0693575975049245,
        "median_reproj_error_px": 0.39596752948547775
      }
    ],
    "solve_summary": {
      "captured_rows": 1306,
      "complete_rows": 1277,
      "pair_overlaps": {
        "pi-cam-01|pi-cam-02": 1277
      },
      "iterations": 16,
      "ba_cost": 645.2606978783087,
      "status": 2,
      "success": true,
      "message": "`ftol` termination condition is satisfied.",
      "usable_rows": 1277,
      "median_reproj_error_px": 0.4205805105219545,
      "p90_reproj_error_px": 1.4679983981184477,
      "matched_delta_us_p50": 4192,
      "matched_delta_us_p90": 4203,
      "matched_delta_us_max": 4212
    }
  },
  "metric": {
    "status": "resolved",
    "frame": "metric_camera",
    "scale_m_per_unit": 2.6342136662712523,
    "source": "wand_floor_metric",
    "wand_metric_log_path": "logs/extrinsics_wand_metric.jsonl",
    "wand_metric_frames": 143,
    "camera_poses": [
      {
        "camera_id": "pi-cam-01",
        "R": [
          [
            1.0,
            0.0,
            0.0
          ],
          [
            0.0,
            1.0,
            0.0
          ],
          [
            0.0,
            0.0,
            1.0
          ]
        ],
        "t": [
          -0.0,
          -0.0,
          -0.0
        ],
        "focal_scale": 1.1451927802625255,
        "median_reproj_error_px": 0.6517356736603244
      },
      {
        "camera_id": "pi-cam-02",
        "R": [
          [
            0.5804352463405682,
            0.32183683606804103,
            -0.7480080051411728
          ],
          [
            -0.34460844285892644,
            0.9293549195728052,
            0.13245548148782268
          ],
          [
            0.7377939725396989,
            0.1808880438711685,
            0.6503380426121113
          ]
        ],
        "t": [
          2.5604214803994796,
          -0.43694112983360633,
          1.322446140007052
        ],
        "focal_scale": 1.0693575975049245,
        "median_reproj_error_px": 0.6827018571340661
      }
    ],
    "validation": {
      "median_reproj_error_px": 0.6565121502247476,
      "p90_reproj_error_px": 1.1743694790268393,
      "positive_depth_ratio": 1.0,
      "baseline_range_m": [
        2.9147108778489303,
        2.9147108778489303
      ],
      "floor_residual_mm": 0.6182809515766224,
      "world_up_consistency": 0.9999992232859968
    },
    "shape_rms_error_mm": 2.1032001534117195,
    "wand_face": "front_up"
  },
  "world": {
    "status": "resolved",
    "frame": "world",
    "to_world_matrix": [
      [
        -0.5657807895218888,
        0.7714546374450487,
        -0.2911182587412135,
        0.012263000084033582
      ],
      [
        0.7885061981266885,
        0.4029483745656487,
        -0.4646402726310935,
        1.8460346011608504
      ],
      [
        -0.24114326389883495,
        -0.49243309169818167,
        -0.8362772126973129,
        2.357592622372592
      ],
      [
        0.0,
        0.0,
        0.0,
        1.0
      ]
    ],
    "floor_plane": {
      "normal": [
        0.0,
        0.0,
        1.0
      ],
      "offset": 0.0,
      "axis": "Z"
    },
    "source": "wand_floor_metric",
    "origin_world": [
      -0.012263000084033582,
      -1.8460346011608504,
      -2.357592622372592
    ],
    "origin_marker": "elbow",
    "aligned_axis_world": [
      0.0,
      1.0,
      0.0
    ],
    "wand_face": "front_up",
    "floor_normal_sign_source": "wand_face",
    "wand_face_alignment": 0.9999987994153711,
    "validation": {
      "floor_residual_mm": 0.6182809515766224,
      "world_up_consistency": 0.9999992232859968
    }
  },
  "wand_metric_log_path": "logs/extrinsics_wand_metric.jsonl"
}
