{
  "schema_version": "2.0",
  "method": "reference_pose_capture",
  "created_at": "2026-04-22T16:42:23.416237+00:00",
  "pose_capture_log_path": "logs/extrinsics_pose_capture.jsonl",
  "camera_order": [
    "pi-cam-01",
    "pi-cam-02"
  ],
  "pose": {
    "frame": "similarity_camera",
    "camera_poses": [
      {
        "camera_id": "pi-cam-01",
        "R": [
          [
            1.0,
            0.0,
            0.0
          ],
          [
            0.0,
            1.0,
            0.0
          ],
          [
            0.0,
            0.0,
            1.0
          ]
        ],
        "t": [
          0.0,
          0.0,
          0.0
        ],
        "focal_scale": 1.199947586992692,
        "median_reproj_error_px": 2.1097076386479356
      },
      {
        "camera_id": "pi-cam-02",
        "R": [
          [
            -0.07876914577269661,
            0.6059308326014982,
            -0.7916080139671998
          ],
          [
            -0.7520483759451434,
            0.48513154514386364,
            0.4461733117798501
          ],
          [
            0.6543841852555053,
            0.6304722119246671,
            0.41747590119467476
          ]
        ],
        "t": [
          0.2633838137306455,
          -0.5146855912021584,
          0.4577226084600168
        ],
        "focal_scale": 0.8487448587579219,
        "median_reproj_error_px": 1.49899503112516
      }
    ],
    "solve_summary": {
      "captured_rows": 3406,
      "complete_rows": 1934,
      "pair_overlaps": {
        "pi-cam-01|pi-cam-02": 1934
      },
      "iterations": 21,
      "ba_cost": 10208.06235878454,
      "status": 2,
      "success": true,
      "message": "`ftol` termination condition is satisfied.",
      "usable_rows": 1934,
      "median_reproj_error_px": 1.780602774201796,
      "p90_reproj_error_px": 9.955030591139808,
      "matched_delta_us_p50": 1794,
      "matched_delta_us_p90": 1797,
      "matched_delta_us_max": 1800
    }
  },
  "metric": {
    "status": "resolved",
    "frame": "metric_camera",
    "scale_m_per_unit": 4.661545313173876,
    "source": "wand_floor_metric",
    "wand_metric_log_path": "logs/extrinsics_wand_metric.jsonl",
    "wand_metric_frames": 78,
    "camera_poses": [
      {
        "camera_id": "pi-cam-01",
        "R": [
          [
            1.0,
            0.0,
            0.0
          ],
          [
            0.0,
            1.0,
            0.0
          ],
          [
            0.0,
            0.0,
            1.0
          ]
        ],
        "t": [
          -0.0,
          -0.0,
          -0.0
        ],
        "focal_scale": 1.199947586992692,
        "median_reproj_error_px": 0.7502813449211203
      },
      {
        "camera_id": "pi-cam-02",
        "R": [
          [
            -0.07876914577269661,
            0.6059308326014982,
            -0.7916080139671998
          ],
          [
            -0.7520483759451434,
            0.48513154514386364,
            0.4461733117798501
          ],
          [
            0.6543841852555053,
            0.6304722119246671,
            0.41747590119467476
          ]
        ],
        "t": [
          1.2277755824619516,
          -2.399230205426546,
          2.1336946802005112
        ],
        "focal_scale": 0.8487448587579219,
        "median_reproj_error_px": 0.7126963675601075
      }
    ],
    "validation": {
      "median_reproj_error_px": 0.7464952968094323,
      "p90_reproj_error_px": 2.568301976082296,
      "positive_depth_ratio": 1.0,
      "baseline_range_m": [
        3.437497846957413,
        3.437497846957413
      ],
      "floor_residual_mm": 0.28991466104018765,
      "world_up_consistency": 0.9999993372010713
    },
    "shape_rms_error_mm": 1.8658582629656717,
    "wand_face": "front_up"
  },
  "world": {
    "status": "resolved",
    "frame": "world",
    "to_world_matrix": [
      [
        -0.541217452798816,
        0.8066878840555893,
        -0.2373569600915,
        -0.288625748370422
      ],
      [
        0.8259127828204311,
        0.4569402818525502,
        -0.3302630073052741,
        2.4597830628625332
      ],
      [
        -0.1579612103010526,
        -0.3747802509984058,
        -0.913557890613287,
        2.5378145769980947
      ],
      [
        0.0,
        0.0,
        0.0,
        1.0
      ]
    ],
    "floor_plane": {
      "normal": [
        0.0,
        0.0,
        1.0
      ],
      "offset": 0.0,
      "axis": "Z"
    },
    "source": "wand_floor_metric",
    "origin_world": [
      0.288625748370422,
      -2.4597830628625332,
      -2.5378145769980947
    ],
    "origin_marker": "elbow",
    "aligned_axis_world": [
      0.0,
      1.0,
      0.0
    ],
    "wand_face": "front_up",
    "floor_normal_sign_source": "wand_face",
    "wand_face_alignment": 0.9999994831999679,
    "validation": {
      "floor_residual_mm": 0.28991466104018765,
      "world_up_consistency": 0.9999993372010713
    }
  },
  "wand_metric_log_path": "logs/extrinsics_wand_metric.jsonl"
}